run5146,.01041666666666666666,10192.09266943359375000000,5.66227370524088541666
run5147,.03129629629629629629,10228.66532314453125000000,5.68259184619140625000
run5148,.05217592592592592592,10318.80777763671875000000,5.73267098757595486111
run5149,.07305555555555555555,10384.50588144531250000000,5.76916993413628472222
run5150,.09392361111111111111,10013.87295136718750000000,5.56326275075954861111
run5151,.11479166666666666666,10472.44546562500000000000,5.81802525868055555555
run5152,.13565972222222222222,10228.86558408203125000000,5.68270310226779513888
run5153,.15652777777777777777,2519496.10945830078125000000,1399.72006081016710069444
run5154,.17739583333333333333,2687603.18838222656250000000,1493.11288243457031250000
run5155,.19826388888888888888,2686522.90578750000000000000,1492.51272543750000000000
run5156,.21913194444444444444,2685883.08460849609375000000,1492.15726922694227430555
run5157,.24000000000000000000,2680187.56341552734375000000,1488.99309078640407986111
run5158,.26086805555555555555,2680812.42760576171875000000,1489.34023755875651041666
run5159,.28174768518518518518,2614110.47829902343750000000,1452.28359905501302083333
run5160,.30261574074074074074,2458077.10626435546875000000,1365.59839236908637152777
run5161,.32349537037037037037,2135467.88798281250000000000,1186.37104887934027777777
run5162,.34436342592592592592,1640581.09417236328125000000,911.43394120686848958333
run5163,.36523148148148148148,1058757.92334863281250000000,588.19884630479600694444
run5164,.38609953703703703703,585232.13766494140625000000,325.12896536941189236111
run5165,.40697916666666666666,298788.14221699218750000000,165.99341234277343750000
run5166,.42784722222222222222,154625.12460585937500000000,85.90284700325520833333
run5167,.44871527777777777777,86641.11729355468750000000,48.13395405197482638888
run5168,.46958333333333333333,57187.84004121093750000000,31.77102224511718750000
run5169,.49045138888888888888,43538.46757939453125000000,24.18803754410807291666
run5170,.51131944444444444444,37817.08769287109375000000,21.00949316270616319444
run5171,.53218750000000000000,33808.78993095703125000000,18.78266107275390625000
run5172,.55306712962962962962,31758.11793095703125000000,17.64339885053168402777
run5173,.57393518518518518518,31177.46134267578125000000,17.32081185704210069444
run5174,.59480324074074074074,29414.08869013671875000000,16.34116038340928819444
run5175,.61567129629629629629,28483.26333632812500000000,15.82403518684895833333
run5176,.63653935185185185185,27884.83358984375000000000,15.49157421657986111111
run5177,.65740740740740740740,27164.35731826171875000000,15.09130962125651041666
run5178,.67828703703703703703,26298.81703007812500000000,14.61045390559895833333
run5179,.69915509259259259259,25806.72584140625000000000,14.33706991189236111111
run5180,.72002314814814814814,25128.77998642578125000000,13.96043332579210069444
run5181,.74089120370370370370,24147.61403945312500000000,13.41534113302951388888
run5182,.76177083333333333333,23622.88031796875000000000,13.12382239887152777777
run5183,.78263888888888888888,23213.97251621093750000000,12.89665139789496527777
run5184,.80350694444444444444,22587.65643417968750000000,12.54869801898871527777
run5185,.82438657407407407407,22182.12803574218750000000,12.32340446430121527777
run5186,.84526620370370370370,21496.29690634765625000000,11.94238717019314236111
run5187,.86613425925925925925,21202.80198613281250000000,11.77933443674045138888
run5188,.88701388888888888888,20544.78209443359375000000,11.41376783024088541666
run5189,.90789351851851851851,20249.49734208984375000000,11.24972074560546875000
run5190,.92877314814814814814,19892.05660126953125000000,11.05114255626085069444
run5191,.94964120370370370370,19206.13785771484375000000,10.67007658761935763888
run5192,.97050925925925925925,18997.27821621093750000000,10.55404345345052083333
run5193,.99138888888888888888,18638.81113808593750000000,10.35489507671440972222
run5194,1.01225694444444444444,18366.31858369140625000000,10.20351032427300347222
run5195,1.03313657407407407407,17901.33771943359375000000,9.94518762190755208333
run5196,1.05400462962962962962,17657.57009326171875000000,9.80976116292317708333
run5197,1.07487268518518518518,17176.84371279296875000000,9.54269095155164930555
run5198,1.09575231481481481481,16680.74730537109375000000,9.26708183631727430555
run5199,1.11663194444444444444,16844.24784453125000000000,9.35791546918402777777
run5200,1.13750000000000000000,16549.98942949218750000000,9.19443857194010416666
run5201,1.15836805555555555555,16116.41198349609375000000,8.95356221305338541666
run5202,1.17924768518518518518,15819.62527412109375000000,8.78868070784505208333
run5203,1.20012731481481481481,15652.79539687500000000000,8.69599744270833333333
run5204,1.22100694444444444444,15658.69057822265625000000,8.69927254345703125000
run5205,1.24188657407407407407,15131.02804052734375000000,8.40612668918185763888
run5206,1.26276620370370370370,15054.15287314453125000000,8.36341826285807291666
run5207,1.28363425925925925925,14959.90506943359375000000,8.31105837190755208333
run5208,1.30450231481481481481,14576.65570029296875000000,8.09814205571831597222
run5209,1.32537037037037037037,14672.66830351562500000000,8.15148239084201388888
run5210,1.34625000000000000000,14515.51353281250000000000,8.06417418489583333333
run5211,1.36712962962962962962,14010.88100292968750000000,7.78382277940538194444
run5212,1.38799768518518518518,13772.85836240234375000000,7.65158797911241319444
run5213,1.40886574074074074074,13760.46721689453125000000,7.64470400938585069444
run5214,1.42973379629629629629,13874.36562509765625000000,7.70798090283203125000
run5215,1.45061342592592592592,13573.11059355468750000000,7.54061699641927083333
run5216,1.47148148148148148148,13382.41211582031250000000,7.43467339767795138888
run5217,1.49234953703703703703,13172.15064775390625000000,7.31786147097439236111
run5218,1.51321759259259259259,13297.82690234375000000000,7.38768161241319444444
run5219,1.53409722222222222222,13151.49873857421875000000,7.30638818809678819444
run5220,1.55497685185185185185,12963.27848994140625000000,7.20182138330078125000
run5221,1.57584490740740740740,12845.65022177734375000000,7.13647234543185763888
run5222,1.59671296296296296296,12765.55836308593750000000,7.09197686838107638888
run5223,1.61759259259259259259,12996.29651201171875000000,7.22016472889539930555
run5224,1.63846064814814814814,12659.47013144531250000000,7.03303896191406250000
run5225,1.65932870370370370370,12313.98246533203125000000,6.84110136962890625000
run5226,1.68019675925925925925,12472.25118750000000000000,6.92902843750000000000
run5227,1.70107638888888888888,12210.87311513671875000000,6.78381839729817708333
run5228,1.72195601851851851851,12299.02547656250000000000,6.83279193142361111111
run5229,1.74282407407407407407,11987.56965351562500000000,6.65976091861979166666
run5230,1.76370370370370370370,12087.68760595703125000000,6.71538200330946180555
run5231,1.78457175925925925925,12054.39422509765625000000,6.69688568060980902777
run5232,1.80545138888888888888,12046.13346142578125000000,6.69229636745876736111
run5233,1.82633101851851851851,11867.31296054687500000000,6.59295164474826388888
run5234,1.84719907407407407407,11753.13919355468750000000,6.52952177419704861111
run5235,1.86807870370370370370,11624.99722617187500000000,6.45833179231770833333
run5236,1.88895833333333333333,11739.14596054687500000000,6.52174775585937500000
run5237,1.90983796296296296296,11555.93223535156250000000,6.41996235297309027777
run5238,1.93071759259259259259,11669.21734443359375000000,6.48289852468532986111
run5239,1.95159722222222222222,11555.83210488281250000000,6.41990672493489583333
run5240,1.97247685185185185185,11574.91947548828125000000,6.43051081971571180555
run5241,1.99335648148148148148,11417.66457431640625000000,6.34314698573133680555
run5242,2.01423611111111111111,11349.75108388671875000000,6.30541726882595486111
run5243,2.03510416666666666666,11331.56488750000000000000,6.29531382638888888888
run5244,2.05598379629629629629,11480.20856835937500000000,6.37789364908854166666
run5245,2.07686342592592592592,11440.90735937500000000000,6.35605964409722222222
run5246,2.09774305555555555555,11169.52875644531250000000,6.20529375358072916666
run5247,2.11862268518518518518,11239.50743779296875000000,6.24417079877387152777
run5248,2.13949074074074074074,11260.53483623046875000000,6.25585268679470486111
run5249,2.16038194444444444444,11167.48859814453125000000,6.20416033230251736111
run5250,2.18126157407407407407,10873.14256894531250000000,6.04063476052517361111
run5251,2.20212962962962962962,10715.96276562500000000000,5.95331264756944444444
run5252,2.22299768518518518518,10826.38164003906250000000,6.01465646668836805555
run5253,2.24387731481481481481,10919.97859570312500000000,6.06665477539062500000
run5254,2.26475694444444444444,10783.88877236328125000000,5.99104931797960069444
run5255,2.28563657407407407407,10975.12545136718750000000,6.09729191742621527777
run5256,2.30650462962962962962,10724.11088251953125000000,5.95783937917751736111
run5257,2.32737268518518518518,10962.15855566406250000000,6.09008808648003472222
run5258,2.34825231481481481481,10641.74105566406250000000,5.91207836425781250000
run5259,2.36913194444444444444,10729.81831923828125000000,5.96101017735460069444
run5260,2.39000000000000000000,10764.22565156250000000000,5.98012536197916666666
run5261,2.41087962962962962962,10569.87241171875000000000,5.87215133984375000000
run5262,2.43174768518518518518,10588.45912998046875000000,5.88247729443359375000
run5263,2.45261574074074074074,10600.97543857421875000000,5.88943079920789930555
run5264,2.47348379629629629629,10585.58037900390625000000,5.88087798833550347222
run5265,2.49436342592592592592,10728.94217763671875000000,5.96052343202039930555
run5266,2.51523148148148148148,10634.78198808593750000000,5.90821221560329861111
run5267,2.53611111111111111111,10737.84127304687500000000,5.96546737391493055555
run5268,2.55699074074074074074,10529.68254482421875000000,5.84982363601345486111
run5269,2.57787037037037037037,10676.84930126953125000000,5.93158294514973958333
run5270,2.59875000000000000000,10602.10190634765625000000,5.89005661463758680555
run5271,2.61962962962962962962,10612.57805664062500000000,5.89587669813368055555
run5272,2.64049768518518518518,10571.96263525390625000000,5.87331257514105902777
run5273,2.66136574074074074074,10457.97661289062500000000,5.80998700716145833333
run5274,2.68223379629629629629,10722.88428427734375000000,5.95715793570963541666
run5275,2.70310185185185185185,10427.28662421875000000000,5.79293701345486111111
run5276,2.72396990740740740740,10536.99206904296875000000,5.85388448280164930555
run5277,2.74484953703703703703,10451.26787148437500000000,5.80625992860243055555
run5278,2.76572916666666666666,10274.19965380859375000000,5.70788869656032986111
run5279,2.78659722222222222222,10214.07130732421875000000,5.67448405962456597222
run5280,2.80747685185185185185,10326.33007910156250000000,5.73685004394531250000
run5281,2.82835648148148148148,10481.55733828125000000000,5.82308741015625000000
run5282,2.84922453703703703703,10367.39608759765625000000,5.75966449310980902777
run5283,2.87009259259259259259,10332.28784199218750000000,5.74015991221788194444
run5284,2.89097222222222222222,10355.81850214843750000000,5.75323250119357638888
run5285,2.91184027777777777777,10382.41565791015625000000,5.76800869883897569444
run5286,2.93271990740740740740,10344.65395488281250000000,5.74702997493489583333
run5287,2.95359953703703703703,10362.46466201171875000000,5.75692481222873263888
run5288,2.97447916666666666666,10096.10509882812500000000,5.60894727712673611111
run5289,2.99535879629629629629,10560.10969101562500000000,5.86672760611979166666
run5290,3.01623842592592592592,10509.56883691406250000000,5.83864935384114583333
run5291,3.03710648148148148148,10280.58297119140625000000,5.71143498399522569444
run5292,3.05797453703703703703,10313.15040615234375000000,5.72952800341796875000
run5293,3.07885416666666666666,10464.91064785156250000000,5.81383924880642361111
run5294,3.09973379629629629629,10562.55037119140625000000,5.86808353955078125000
run5295,3.12061342592592592592,10355.48056181640625000000,5.75304475656467013888
run5296,3.14149305555555555555,10289.35690351562500000000,5.71630939084201388888
run5297,3.16237268518518518518,10204.08329306640625000000,5.66893516281467013888
run5298,3.18325231481481481481,10357.60833427734375000000,5.75422685237630208333
run5299,3.20413194444444444444,10442.68168378906250000000,5.80148982432725694444
run5300,3.22501157407407407407,10355.14262148437500000000,5.75285701193576388888
run5301,3.24587962962962962962,10330.34781416015625000000,5.73908211897786458333
run5302,3.26675925925925925925,10287.67971816406250000000,5.71537762120225694444
run5303,3.28762731481481481481,10499.98134453125000000000,5.83332296918402777777
run5304,3.30851851851851851851,10426.94868388671875000000,5.79274926882595486111
run5305,3.32938657407407407407,10651.71655361328125000000,5.91762030756293402777
run5306,3.35025462962962962962,10492.18368427734375000000,5.82899093570963541666
run5307,3.37113425925925925925,10628.03569775390625000000,5.90446427652994791666
run5308,3.39201388888888888888,10514.40013203125000000000,5.84133340668402777777
run5309,3.41289351851851851851,10407.56092187500000000000,5.78197828993055555555
run5310,3.43376157407407407407,10494.48668505859375000000,5.83027038058810763888
run5311,3.45465277777777777777,10581.53761132812500000000,5.87863200629340277777
run5312,3.47552083333333333333,10613.92981796875000000000,5.89662767664930555555
run5313,3.49640046296296296296,10592.45183242187500000000,5.88469546245659722222
run5314,3.51726851851851851851,10579.92300751953125000000,5.87773500417751736111
run5315,3.53814814814814814814,10929.10298466796875000000,6.07172388037109375000
run5316,3.55902777777777777777,10690.81750166015625000000,5.93934305647786458333
run5317,3.57989583333333333333,10910.05316298828125000000,6.06114064610460069444
run5318,3.60076388888888888888,10913.35746845703125000000,6.06297637136501736111
run5319,3.62163194444444444444,10827.00745546875000000000,6.01500414192708333333
run5320,3.64250000000000000000,11039.98496250000000000000,6.13332497916666666666
run5321,3.66336805555555555555,10910.94182089843750000000,6.06163434494357638888
run5322,3.68424768518518518518,10815.83039189453125000000,6.00879466216362847222
run5323,3.70511574074074074074,11021.56095625000000000000,6.12308942013888888888
run5324,3.72599537037037037037,11092.32816503906250000000,6.16240453613281250000
run5325,3.74687500000000000000,10909.11443984375000000000,6.06061913324652777777
run5326,3.76774305555555555555,10753.22381630859375000000,5.97401323128255208333
run5327,3.78862268518518518518,10966.85217138671875000000,6.09269565077039930555
run5328,3.80950231481481481481,11006.46628808593750000000,6.11470349338107638888
run5329,3.83037037037037037037,11277.35675498046875000000,6.26519819721137152777
run5330,3.85125000000000000000,11161.18037861328125000000,6.20065576589626736111
run5331,3.87212962962962962962,11180.39291230468750000000,6.21132939572482638888
run5332,3.89299768518518518518,11242.54890078125000000000,6.24586050043402777777
run5333,3.91387731481481481481,11230.39556513671875000000,6.23910864729817708333
run5334,3.93475694444444444444,11380.06558330078125000000,6.32225865738932291666
run5335,3.95563657407407407407,11334.58131787109375000000,6.29698962103949652777
run5336,3.97650462962962962962,11489.57076718750000000000,6.38309487065972222222
run5337,3.99737268518518518518,11396.22413769531250000000,6.33123563205295138888
run5338,4.01825231481481481481,11615.97296767578125000000,6.45331831537543402777
run5339,4.03912037037037037037,11678.05385830078125000000,6.48780769905598958333
run5340,4.05998842592592592592,11795.15644150390625000000,6.55286468972439236111
run5341,4.08085648148148148148,11789.19867861328125000000,6.54955482145182291666
run5342,4.10172453703703703703,11763.10217519531250000000,6.53505676399739583333
run5343,4.12259259259259259259,11739.24609101562500000000,6.52180338389756944444
run5344,4.14346064814814814814,11734.11440449218750000000,6.51895244694010416666
run5345,4.16434027777777777777,11854.28348330078125000000,6.58571304627821180555
run5346,4.18520833333333333333,11866.01126445312500000000,6.59222848025173611111
run5347,4.20608796296296296296,12047.47270644531250000000,6.69304039246961805555
run5348,4.22695601851851851851,11963.32556376953125000000,6.64629197987196180555
run5349,4.24782407407407407407,12139.36744414062500000000,6.74409302452256944444
run5350,4.26869212962962962962,12195.26527832031250000000,6.77514737684461805555
run5351,4.28956018518518518518,12092.58148261718750000000,6.71810082367621527777
run5352,4.31045138888888888888,12342.85758925781250000000,6.85714310514322916666
run5353,4.33133101851851851851,12284.71933583984375000000,6.82484407546657986111
run5354,4.35221064814814814814,12319.51467373046875000000,6.84417481873914930555
run5355,4.37307870370370370370,12192.83711445312500000000,6.77379839691840277777
run5356,4.39395833333333333333,12419.08190859375000000000,6.89948994921875000000
run5357,4.41483796296296296296,12193.23763632812500000000,6.77402090907118055555
run5358,4.43571759259259259259,12379.02972109375000000000,6.87723873394097222222
run5359,4.45658564814814814814,12386.62712041015625000000,6.88145951133897569444
run5360,4.47746527777777777777,12471.21233388671875000000,6.92845129660373263888
run5361,4.49834490740740740740,12550.96625224609375000000,6.97275902902560763888
run5362,4.51922453703703703703,12592.22000537109375000000,6.99567778076171875000
run5363,4.54009259259259259259,12457.76981845703125000000,6.92098323247612847222
run5364,4.56096064814814814814,12527.27288007812500000000,6.95959604448784722222
run5365,4.58184027777777777777,12511.80272265625000000000,6.95100151258680555555
run5366,4.60270833333333333333,12552.99389423828125000000,6.97388549679904513888
run5367,4.62358796296296296296,12796.93674873046875000000,7.10940930485026041666
run5368,4.64446759259259259259,12618.27895986328125000000,7.01015497770182291666
run5369,4.66534722222222222222,12726.45741503906250000000,7.07025411946614583333
run5370,4.68622685185185185185,12709.84827353515625000000,7.06102681863064236111
run5371,4.70711805555555555555,12915.09070185546875000000,7.17505038991970486111
run5372,4.72798611111111111111,12940.56138984375000000000,7.18920077213541666666
run5373,4.74886574074074074074,13012.69287626953125000000,7.22927382014973958333
run5374,4.76973379629629629629,12989.82558046875000000000,7.21656976692708333333
run5375,4.79061342592592592592,12871.68414365234375000000,7.15093563536241319444
run5376,4.81149305555555555555,13063.82199687500000000000,7.25767888715277777777
run5377,4.83237268518518518518,13022.54321113281250000000,7.23474622840711805555
run5378,4.85324074074074074074,13287.27565419921875000000,7.38181980788845486111
run5379,4.87410879629629629629,13072.83373906250000000000,7.26268541059027777777
run5380,4.89497685185185185185,13253.60678408203125000000,7.36311488004557291666
run5381,4.91585648148148148148,13025.87254921875000000000,7.23659586067708333333
run5382,4.93673611111111111111,13195.01794355468750000000,7.33056552419704861111
run5383,4.95762731481481481481,13295.76171142578125000000,7.38653428412543402777
run5384,4.97849537037037037037,13282.11893505859375000000,7.37895496392144097222
run5385,4.99936342592592592592,13404.76624296875000000000,7.44709235720486111111
run5386,5.02023148148148148148,13636.49318027343750000000,7.57582954459635416666
run5387,5.04109953703703703703,13627.56905224609375000000,7.57087169569227430555
run5388,5.06196759259259259259,13526.19946894531250000000,7.51455526052517361111
run5389,5.08284722222222222222,13658.68459541015625000000,7.58815810856119791666
run5390,5.10372685185185185185,13672.35240439453125000000,7.59575133577473958333
run5391,5.12460648148148148148,13725.38400390625000000000,7.62521333550347222222
run5392,5.14547453703703703703,13652.67676728515625000000,7.58482042626953125000
run5393,5.16635416666666666666,13735.53473017578125000000,7.63085262787543402777
run5394,5.18723379629629629629,13680.15006464843750000000,7.60008336924913194444
run5395,5.20811342592592592592,13758.36447705078125000000,7.64353582058376736111
run5396,5.22898148148148148148,13801.23283398437500000000,7.66735157443576388888
run5397,5.24984953703703703703,13753.44556777343750000000,7.64080309320746527777
run5398,5.27071759259259259259,13780.44324541015625000000,7.65580180300564236111
run5399,5.29158564814814814814,13903.52862412109375000000,7.72418256895616319444
run5400,5.31246527777777777777,14069.77023486328125000000,7.81653901936848958333
run5401,5.33334490740740740740,14743.49809384765625000000,8.19083227435980902777
run5402,5.35422453703703703703,16130.41773281250000000000,8.96134318489583333333
run5403,5.37510416666666666666,16691.82423847656250000000,9.27323568804253472222
run5404,5.39597222222222222222,16667.20465947265625000000,9.25955814415147569444
run5405,5.41684027777777777777,16696.21746279296875000000,9.27567636821831597222
run5406,5.43771990740740740740,16723.10249365234375000000,9.29061249647352430555
run5407,5.45858796296296296296,16900.30839072265625000000,9.38906021706814236111
run5408,5.47945601851851851851,16770.20136289062500000000,9.31677853493923611111
run5409,5.50033564814814814814,16675.99110810546875000000,9.26443950450303819444
run5410,5.52121527777777777777,16887.27891347656250000000,9.38182161859809027777
run5411,5.54209490740740740740,16822.88250576171875000000,9.34604583653428819444
run5412,5.56296296296296296296,16818.81470546875000000000,9.34378594748263888888
run5413,5.58383101851851851851,16774.34426103515625000000,9.31908014501953125000
run5414,5.60469907407407407407,16866.53939013671875000000,9.37029966118706597222
run5415,5.62556712962962962962,17109.89397812500000000000,9.50549665451388888888
run5416,5.64644675925925925925,17068.77790439453125000000,9.48265439133029513888
run5417,5.66732638888888888888,16939.97257265625000000000,9.41109587369791666666
run5418,5.68820601851851851851,16988.46075214843750000000,9.43803375119357638888
run5419,5.70908564814814814814,17083.07152880859375000000,9.49059529378255208333
run5420,5.72996527777777777777,17178.58347968750000000000,9.54365748871527777777
run5421,5.75083333333333333333,17277.78774160156250000000,9.59877096755642361111
run5422,5.77170138888888888888,17107.42826533203125000000,9.50412681407335069444
run5423,5.79258101851851851851,17344.63734580078125000000,9.63590963655598958333
run5424,5.81344907407407407407,17321.13171826171875000000,9.62285095458984375000
run5425,5.83431712962962962962,17041.70512890625000000000,9.46761396050347222222
run5426,5.85518518518518518518,17208.97307695312500000000,9.56054059830729166666
run5427,5.87605324074074074074,17193.86589248046875000000,9.55214771804470486111
run5428,5.89693287037037037037,17203.86642304687500000000,9.55770356835937500000
run5429,5.91780092592592592592,17247.86124775390625000000,9.58214513764105902777
run5430,5.93868055555555555555,17100.09370849609375000000,9.50005206027560763888
run5431,5.95956018518518518518,17274.48343613281250000000,9.59693524229600694444
run5432,5.98043981481481481481,17460.25048828125000000000,9.70013916015625000000
run5433,6.00130787037037037037,17251.57859140625000000000,9.58421032855902777777
run5434,6.02217592592592592592,17603.57473798828125000000,9.77976374332682291666
run5435,6.04304398148148148148,17233.75536796875000000000,9.57430853776041666666
run5436,6.06392361111111111111,17414.95396748046875000000,9.67497442637803819444
run5437,6.08479166666666666666,17507.08651503906250000000,9.72615917502170138888
run5438,6.10565972222222222222,17229.97544277343750000000,9.57220857931857638888
run5439,6.12653935185185185185,17141.35997792968750000000,9.52297776551649305555
run5440,6.14741898148148148148,17527.72590791015625000000,9.73762550439453125000
run5441,6.16828703703703703703,17557.63988544921875000000,9.75424438080512152777
run5442,6.18916666666666666666,17533.78380126953125000000,9.74099100070529513888
run5443,6.21003472222222222222,17526.29904873046875000000,9.73683280485026041666
run5444,6.23090277777777777777,17578.96767529296875000000,9.76609315294053819444
run5445,6.25177083333333333333,17604.06287402343750000000,9.78003493001302083333
run5446,6.27265046296296296296,17671.15028808593750000000,9.81730571560329861111
run5447,6.29353009259259259259,17780.36759687500000000000,9.87798199826388888888
run5448,6.31439814814814814814,17929.38676699218750000000,9.96077042610677083333
run5449,6.33526620370370370370,17639.27125009765625000000,9.79959513894314236111
run5450,6.35614583333333333333,17872.42504658203125000000,9.92912502587890625000
run5451,6.37701388888888888888,17885.55465429687500000000,9.93641925238715277777
run5452,6.39789351851851851851,17965.34612158203125000000,9.98074784532335069444
run5453,6.41877314814814814814,17806.07609472656250000000,9.89226449707031250000
run5454,6.43964120370370370370,17859.10769423828125000000,9.92172649679904513888
run5455,6.46050925925925925925,17978.45069667968750000000,9.98802816482204861111
run5456,6.48137731481481481481,17890.87408544921875000000,9.93937449191623263888
run5457,6.50225694444444444444,18173.89285537109375000000,10.09660714187282986111
run5458,6.52313657407407407407,18045.66327382812500000000,10.02536848546006944444
run5459,6.54401620370370370370,18091.68574052734375000000,10.05093652251519097222
run5460,6.56489583333333333333,18074.66356083984375000000,10.04147975602213541666
run5461,6.58576388888888888888,17883.77733847656250000000,9.93543185470920138888
run5462,6.60664351851851851851,18307.34173759765625000000,10.17074540977647569444
run5463,6.62752314814814814814,18262.98393994140625000000,10.14610218885633680555
run5464,6.64839120370370370370,18464.10850273437500000000,10.25783805707465277777
run5465,6.66927083333333333333,18202.90565869140625000000,10.11272536593967013888
run5466,6.69013888888888888888,18153.76663115234375000000,10.08542590619574652777
run5467,6.71100694444444444444,18392.36502187500000000000,10.21798056770833333333
run5468,6.73187500000000000000,18373.99108085937500000000,10.20777282269965277777
run5469,6.75274305555555555555,18069.06877089843750000000,10.03837153938802083333
run5470,6.77361111111111111111,18378.94753906250000000000,10.21052641059027777777
run5471,6.79449074074074074074,18470.89234199218750000000,10.26160685666232638888
run5472,6.81537037037037037037,18547.99280292968750000000,10.30444044607204861111
run5473,6.83623842592592592592,18391.66410859375000000000,10.21759117144097222222
run5474,6.85711805555555555555,18414.09333359375000000000,10.23005185199652777777
run5475,6.87798611111111111111,18487.18857578125000000000,10.27066031987847222222
run5476,6.89886574074074074074,19762.32506269531250000000,10.97906947927517361111
run5477,6.91974537037037037037,23584.90583769531250000000,13.10272546538628472222
run5478,6.94061342592592592592,26926.24706357421875000000,14.95902614643012152777
run5479,6.96149305555555555555,29272.90472919921875000000,16.26272484955512152777
run5480,6.98236111111111111111,29957.70952128906250000000,16.64317195627170138888
run5481,7.00324074074074074074,29924.60388505859375000000,16.62477993614366319444
run5482,7.02410879629629629629,29866.44059902343750000000,16.59246699945746527777
run5483,7.04498842592592592592,29522.52998779296875000000,16.40140554877387152777
run5484,7.06585648148148148148,29197.29370898437500000000,16.22071872721354166666
run5485,7.08672453703703703703,29607.74101669921875000000,16.44874500927734375000
run5486,7.10759259259259259259,29479.06084804687500000000,16.37725602669270833333
run5487,7.12848379629629629629,29503.94326953125000000000,16.39107959418402777777
run5488,7.14935185185185185185,29436.95598593750000000000,16.35386443663194444444
run5489,7.17021990740740740740,29279.00017148437500000000,16.26611120638020833333
run5490,7.19108796296296296296,29270.23875546875000000000,16.26124375303819444444
run5491,7.21195601851851851851,29381.74654873046875000000,16.32319252707248263888
run5492,7.23282407407407407407,29277.68595908203125000000,16.26538108837890625000
run5493,7.25369212962962962962,29606.70216308593750000000,16.44816786838107638888
run5494,7.27456018518518518518,37965.06800937500000000000,21.09170444965277777777
run5495,7.29543981481481481481,29161.47203378906250000000,16.20081779654947916666
run5496,7.31631944444444444444,29468.92263808593750000000,16.37162368782552083333
run5497,7.33719907407407407407,29198.60792138671875000000,16.22144884521484375000
run5498,7.35806712962962962962,29422.31190488281250000000,16.34572883604600694444
run5499,7.37894675925925925925,29477.97192919921875000000,16.37665107177734375000
run5500,7.39982638888888888888,29580.41791503906250000000,16.43356550835503472222
run5501,7.42069444444444444444,29312.21845449218750000000,16.28456580805121527777
run5502,7.44157407407407407407,29487.18393232421875000000,16.38176885129123263888
run5503,7.46244212962962962962,29124.17343417968750000000,16.18009635232204861111
run5504,7.48331018518518518518,29532.58058359375000000000,16.40698921310763888888
run5505,7.50418981481481481481,29560.44188652343750000000,16.42246771473524305555
run5506,7.52506944444444444444,29501.33987734375000000000,16.38963326519097222222
run5507,7.54593750000000000000,29855.88935087890625000000,16.58660519493272569444
run5508,7.56680555555555555555,29241.27601738281250000000,16.24515334299045138888
run5509,7.58767361111111111111,29495.24443505859375000000,16.38624690836588541666
run5510,7.60854166666666666666,29527.51147861328125000000,16.40417304367404513888
run5511,7.62940972222222222222,29336.21221806640625000000,16.29789567670355902777
run5512,7.65027777777777777777,29669.69674423828125000000,16.48316485791015625000
run5513,7.67114583333333333333,29370.89490917968750000000,16.31716383843315972222
run5514,7.69202546296296296296,29535.08384531250000000000,16.40837991406250000000
run5515,7.71289351851851851851,29209.64730556640625000000,16.22758183642578125000
run5516,7.73377314814814814814,29275.73341494140625000000,16.26429634163411458333
run5517,7.75464120370370370370,29303.80749511718750000000,16.27989305284288194444
run5518,7.77550925925925925925,29375.50091074218750000000,16.31972272819010416666
run5519,7.79637731481481481481,29743.25508984375000000000,16.52403060546875000000
run5520,7.81724537037037037037,29750.73984238281250000000,16.52818880132378472222
run5521,7.83811342592592592592,29580.70579013671875000000,16.43372543896484375000
run5522,7.85898148148148148148,29539.62726533203125000000,16.41090403629557291666
run5523,7.87984953703703703703,29585.62469941406250000000,16.43645816634114583333
run5524,7.90072916666666666666,29634.30062353515625000000,16.46350034640842013888
run5525,7.92159722222222222222,29643.72540390625000000000,16.46873633550347222222
run5526,7.94246527777777777777,29862.53551074218750000000,16.59029750596788194444
run5527,7.96333333333333333333,29936.65709023437500000000,16.63147616124131944444
run5528,7.98421296296296296296,29873.90031894531250000000,16.59661128830295138888
run5529,8.00508101851851851851,30034.74740068359375000000,16.68597077815755208333
run5530,8.02594907407407407407,29813.94720078125000000000,16.56330400043402777777
run5531,8.04681712962962962962,30155.36706660156250000000,16.75298170366753472222
run5532,8.06768518518518518518,29878.91935869140625000000,16.59939964371744791666
run5533,8.08855324074074074074,30048.17739980468750000000,16.69343188878038194444
run5534,8.10942129629629629629,30349.65772490234375000000,16.86092095827907986111
run5535,8.13028935185185185185,30050.11742763671875000000,16.69450968202039930555
run5536,8.15115740740740740740,30176.85756845703125000000,16.76492087136501736111
run5537,8.17202546296296296296,30146.38035703125000000000,16.74798908723958333333
run5538,8.19290509259259259259,30221.09020302734375000000,16.78949455723741319444
run5539,8.21377314814814814814,30211.97833037109375000000,16.78443240576171875000
run5540,8.23464120370370370370,30347.16697949218750000000,16.85953721082899305555
run5541,8.25552083333333333333,29918.53347539062500000000,16.62140748632812500000
run5542,8.27640046296296296296,30246.92386396484375000000,16.80384659109157986111
run5543,8.29726851851851851851,30127.94383447265625000000,16.73774657470703125000
run5544,8.31813657407407407407,30299.57997421875000000000,16.83309998567708333333
run5545,8.33900462962962962962,30568.60551113281250000000,16.98255861729600694444
run5546,8.35988425925925925925,30500.51679238281250000000,16.94473155132378472222
run5547,8.38075231481481481481,30884.00397138671875000000,17.15777998410373263888
run5548,8.40163194444444444444,30422.76548339843750000000,16.90153637966579861111
run5549,8.42250000000000000000,30564.95074902343750000000,16.98052819390190972222
run5550,8.44336805555555555555,30575.45193193359375000000,16.98636218440755208333
run5551,8.46423611111111111111,30618.52054980468750000000,17.01028919433593750000
run5552,8.48510416666666666666,30311.30775537109375000000,16.83961541965060763888
run5553,8.50597222222222222222,30679.02438554687500000000,17.04390243641493055555
run5554,8.52684027777777777777,30221.52827382812500000000,16.78973792990451388888
run5555,8.54770833333333333333,30219.48811552734375000000,16.78860450862630208333
run5556,8.56857638888888888888,30645.44312958984375000000,17.02524618310546875000
run5557,8.58945601851851851851,30348.98184423828125000000,16.86054546902126736111
run5558,8.61032407407407407407,30544.94968789062500000000,16.96941649327256944444
run5559,8.63119212962962962962,30688.71200839843750000000,17.04928444911024305555
run5560,8.65207175925925925925,30580.98414033203125000000,16.98943563351779513888
run5561,8.67295138888888888888,30565.62662968750000000000,16.98090368315972222222
run5562,8.69381944444444444444,30361.36047343750000000000,16.86742248524305555555
run5563,8.71469907407407407407,31039.09355117187500000000,17.24394086176215277777
run5564,8.73556712962962962962,30491.65524589843750000000,16.93980846994357638888
run5565,8.75643518518518518518,30523.39660449218750000000,16.95744255805121527777
run5566,8.77730324074074074074,30724.05806386718750000000,17.06892114659288194444
run5567,8.79817129629629629629,30915.25719394531250000000,17.17514288552517361111
run5568,8.81903935185185185185,30927.83608408203125000000,17.18213115782335069444
run5569,8.83990740740740740740,30765.12407236328125000000,17.09173559575737847222
run5570,8.86078703703703703703,30836.05399316406250000000,17.13114110731336805555
run5571,8.88165509259259259259,31362.01431289062500000000,17.42334128493923611111
run5572,8.90253472222222222222,30983.92166289062500000000,17.21328981271701388888
run5573,8.92340277777777777777,30951.55448886718750000000,17.19530804937065972222
run5574,8.94427083333333333333,31147.44723466796875000000,17.30413735259331597222
run5575,8.96515046296296296296,31013.34750439453125000000,17.22963750244140625000
run5576,8.98601851851851851851,30871.77553789062500000000,17.15098640993923611111
run5577,9.00688657407407407407,31178.67542460937500000000,17.32148634700520833333
run5578,9.02775462962962962962,30949.06374345703125000000,17.19392430192057291666
run5579,9.04862268518518518518,31108.63416171875000000000,17.28257453428819444444
run5580,9.06950231481481481481,31272.49767382812500000000,17.37360981879340277777
run5581,9.09037037037037037037,31159.38779306640625000000,17.31077099614800347222
run5582,9.11123842592592592592,31044.95118359375000000000,17.24719510199652777777
run5583,9.13211805555555555555,31163.26784873046875000000,17.31292658262803819444
run5584,9.15298611111111111111,31343.56527402343750000000,17.41309181890190972222
run5585,9.17385416666666666666,31222.78289609375000000000,17.34599049782986111111
run5586,9.19473379629629629629,31514.73831035156250000000,17.50818795019531250000
run5587,9.21560185185185185185,31601.83930185546875000000,17.55657738991970486111
run5588,9.23646990740740740740,31236.20037890625000000000,17.35344465494791666666
run5589,9.25733796296296296296,31493.19774326171875000000,17.49622096847873263888
run5590,9.27821759259259259259,31584.89222001953125000000,17.54716234445529513888
run5591,9.29908564814814814814,31595.78140849609375000000,17.55321189360894097222
run5592,9.31995370370370370370,31452.19431630859375000000,17.47344128683810763888
run5593,9.34082175925925925925,31181.79198544921875000000,17.32321776969401041666
run5594,9.36168981481481481481,31326.43044755859375000000,17.40357247086588541666
run5595,9.38255787037037037037,31384.60624990234375000000,17.43589236105685763888
run5596,9.40342592592592592592,31375.85735019531250000000,17.43103186121961805555
run5597,9.42429398148148148148,31696.81305146484375000000,17.60934058414713541666
run5598,9.44517361111111111111,31488.06605673828125000000,17.49337003152126736111
run5599,9.46604166666666666666,31107.50769394531250000000,17.28194871885850694444
run5600,9.48690972222222222222,31492.53437890625000000000,17.49585243272569444444
run5601,9.50778935185185185185,31428.65113984375000000000,17.46036174435763888888
run5602,9.52866898148148148148,31561.26142939453125000000,17.53403412744140625000
run5603,9.54953703703703703703,31178.73800615234375000000,17.32152111452907986111
run5604,9.57041666666666666666,31470.70593671875000000000,17.48372552039930555555
run5605,9.59128472222222222222,31565.21658291015625000000,17.53623143495008680555
run5606,9.61215277777777777777,31605.90710214843750000000,17.55883727897135416666
run5607,9.63303240740740740740,31580.86196865234375000000,17.54492331591796875000
run5608,9.65390046296296296296,31513.19880439453125000000,17.50733266910807291666
run5609,9.67478009259259259259,31608.97359775390625000000,17.56054088764105902777
run5610,9.69564814814814814814,31481.68273935546875000000,17.48982374408637152777
run5611,9.71652777777777777777,31687.25059169921875000000,17.60402810649956597222
run5612,9.73739583333333333333,32076.70804990234375000000,17.82039336105685763888
run5613,9.75826388888888888888,31695.87432832031250000000,17.60881907128906250000
run5614,9.77913194444444444444,31772.01103349609375000000,17.65111724083116319444
run5615,9.80000000000000000000,31766.52889033203125000000,17.64807160574001736111
run5616,9.82086805555555555555,31498.84259843750000000000,17.49935699913194444444
run5617,9.84173611111111111111,31698.47772050781250000000,17.61026540028211805555
run5618,9.86260416666666666666,31718.49129794921875000000,17.62138405441623263888
run5619,9.88347222222222222222,31607.88467890625000000000,17.55993593272569444444
run5620,9.90434027777777777777,31803.97768564453125000000,17.66887649202473958333
run5621,9.92520833333333333333,31627.14727783203125000000,17.57063737657335069444
run5622,9.94608796296296296296,31573.46483027343750000000,17.54081379459635416666
run5623,9.96695601851851851851,31871.11516494140625000000,17.70617509163411458333
run5624,9.98782407407407407407,31775.11507802734375000000,17.65284171001519097222
run5625,10.00869212962962962962,31670.86674375000000000000,17.59492596875000000000
run5626,10.02956018518518518518,32044.61623466796875000000,17.80256457481553819444
run5627,10.05042824074074074074,32030.76068105468750000000,17.79486704503038194444
run5628,10.07129629629629629629,31790.58523544921875000000,17.66143624191623263888
run5629,10.09217592592592592592,32024.45246152343750000000,17.79136247862413194444
run5630,10.11304398148148148148,32224.78849687500000000000,17.90266027604166666666
run5631,10.13392361111111111111,31990.89623818359375000000,17.77272013232421875000
run5632,10.15480324074074074074,32327.23448271484375000000,17.95957471261935763888
run5633,10.17567129629629629629,31748.50540595703125000000,17.63805855886501736111
run5634,10.19653935185185185185,32025.76667392578125000000,17.79209259662543402777
run5635,10.21740740740740740740,31993.27433681640625000000,17.77404129823133680555
run5636,10.23827546296296296296,32184.39836904296875000000,17.88022131613498263888
run5637,10.25914351851851851851,32072.61521699218750000000,17.81811956499565972222
run5638,10.28001157407407407407,32143.10706699218750000000,17.85728170388454861111
run5639,10.30089120370370370370,32066.03163867187500000000,17.81446202148437500000
run5640,10.32175925925925925925,32676.76491650390625000000,18.15375828694661458333
run5641,10.34262731481481481481,32046.76903974609375000000,17.80376057763671875000
run5642,10.36349537037037037037,32010.77213623046875000000,17.78376229790581597222
run5643,10.38436342592592592592,31811.06191630859375000000,17.67281217572699652777
run5644,10.40524305555555555555,32354.88300839843750000000,17.97493500466579861111
run5645,10.42611111111111111111,32320.22534990234375000000,17.95568074994574652777
run5646,10.44697916666666666666,32140.05308769531250000000,17.85558504871961805555
run5647,10.46784722222222222222,32415.33677890625000000000,18.00852043272569444444
run5648,10.48872685185185185185,32205.95145244140625000000,17.89219525135633680555
run5649,10.50959490740740740740,32508.04507666015625000000,18.06002504258897569444
run5650,10.53046296296296296296,32165.62390615234375000000,17.86979105897352430555
run5651,10.55133101851851851851,32423.00927607421875000000,18.01278293115234375000
run5652,10.57219907407407407407,32609.18936640625000000000,18.11621631467013888888
run5653,10.59307870370370370370,32297.82115751953125000000,17.94323397639973958333
run5654,10.61394675925925925925,32525.00467480468750000000,18.06944704155815972222
run5655,10.63481481481481481481,32474.18846191406250000000,18.04121581217447916666
run5656,10.65568287037037037037,32703.27445810546875000000,18.16848581005859375000
run5657,10.67656250000000000000,32858.96482070312500000000,18.25498045594618055555
run5658,10.69743055555555555555,32604.24542451171875000000,18.11346968028428819444
run5659,10.71829861111111111111,32374.32083564453125000000,17.98573379758029513888
run5660,10.73917824074074074074,32506.48053808593750000000,18.05915585449218750000
run5661,10.76004629629629629629,32226.74104101562500000000,17.90374502278645833333
run5662,10.78091435185185185185,32854.90953671875000000000,18.25272752039930555555
run5663,10.80179398148148148148,32637.43867490234375000000,18.13191037494574652777
run5664,10.82267361111111111111,32882.34528515625000000000,18.26796960286458333333
run5665,10.84355324074074074074,32351.07805058593750000000,17.97282113921440972222
run5666,10.86443287037037037037,32769.03514345703125000000,18.20501952414279513888
run5667,10.88530092592592592592,33035.01921738281250000000,18.35278845410156250000
run5668,10.90616898148148148148,32678.56726494140625000000,18.15475959163411458333
run5669,10.92703703703703703703,33284.50679658203125000000,18.49139266476779513888
run5670,10.94790509259259259259,34499.69016533203125000000,19.16649453629557291666
run5671,10.96877314814814814814,35752.25974785156250000000,19.86236652658420138888
run5672,10.98964120370370370370,39171.77783720703125000000,21.76209879844835069444
run5673,11.01050925925925925925,42333.76036093750000000000,23.51875575607638888888
run5674,11.03137731481481481481,44329.49828251953125000000,24.62749904584418402777
run5675,11.05224537037037037037,45998.67319658203125000000,25.55481844254557291666
run5676,11.07312500000000000000,47535.58827773437500000000,26.40866015429687500000
run5677,11.09399305555555555555,47905.99591425781250000000,26.61444217458767361111
run5678,11.11486111111111111111,47123.66404560546875000000,26.17981335866970486111
run5679,11.13572916666666666666,46922.76477636718750000000,26.06820265353732638888
run5680,11.15659722222222222222,46679.53535146484375000000,25.93307519525824652777
run5681,11.17746527777777777777,46829.64344042968750000000,26.01646857801649305555
run5682,11.19833333333333333333,46731.12757548828125000000,25.96173754193793402777
run5683,11.21920138888888888888,46507.28591259765625000000,25.83738106255425347222
run5684,11.24006944444444444444,46516.24758955078125000000,25.84235977197265625000
run5685,11.26093750000000000000,46653.46388066406250000000,25.91859104481336805555
run5686,11.28181712962962962962,46727.63552539062500000000,25.95979751410590277777
run5687,11.30268518518518518518,46442.22614052734375000000,25.80123674473741319444
run5688,11.32355324074074074074,46536.44891162109375000000,25.85358272867838541666
run5689,11.34442129629629629629,46281.96732529296875000000,25.71220406960720486111
run5690,11.36528935185185185185,46429.18414697265625000000,25.79399119276258680555
run5691,11.38616898148148148148,46602.43489052734375000000,25.89024160584852430555
run5692,11.40703703703703703703,46187.81965205078125000000,25.65989980669487847222
run5693,11.42790509259259259259,46557.30108173828125000000,25.86516726763237847222
run5694,11.44877314814814814814,46050.77858925781250000000,25.58376588292100694444
run5695,11.46965277777777777777,46429.72234824218750000000,25.79429019346788194444
run5696,11.49052083333333333333,46476.13282050781250000000,25.82007378917100694444
run5697,11.51138888888888888888,46360.85761835937500000000,25.75603201019965277777
run5698,11.53225694444444444444,45929.47052636718750000000,25.51637251464843750000
run5699,11.55312500000000000000,45860.46811708984375000000,25.47803784282769097222
run5700,11.57399305555555555555,46200.53622158203125000000,25.66696456754557291666
run5701,11.59486111111111111111,45865.49967314453125000000,25.48083315174696180555
run5702,11.61572916666666666666,45952.62569726562500000000,25.52923649848090277777
run5703,11.63662037037037037037,46377.17888476562500000000,25.76509938042534722222
run5704,11.65748842592592592592,46010.70136914062500000000,25.56150076063368055555
run5705,11.67835648148148148148,46313.07035214843750000000,25.72948352897135416666
run5706,11.69922453703703703703,46013.66773427734375000000,25.56314874126519097222
run5707,11.72010416666666666666,46328.10243876953125000000,25.73783468820529513888
run5708,11.74098379629629629629,46140.84594589843750000000,25.63380330327690972222
run5709,11.76186342592592592592,46112.87199619140625000000,25.61826222010633680555
run5710,11.78273148148148148148,46060.80415244140625000000,25.58933564024522569444
run5711,11.80359953703703703703,46101.87016093750000000000,25.61215008940972222222
run5712,11.82446759259259259259,46165.99120986328125000000,25.64777289436848958333
run5713,11.84534722222222222222,45928.64445000000000000000,25.51591358333333333333
run5714,11.86622685185185185185,46085.86180224609375000000,25.60325655680338541666
run5715,11.88709490740740740740,46495.19515849609375000000,25.83066397694227430555
run5716,11.90797453703703703703,46408.03158544921875000000,25.78223976969401041666
run5717,11.92884259259259259259,46144.75103417968750000000,25.63597279676649305555
run5718,11.94972222222222222222,46072.50690097656250000000,25.59583716720920138888
run5719,11.97059027777777777777,46262.01632939453125000000,25.70112018299696180555
run5720,11.99146990740740740740,46138.91843437500000000000,25.63273246354166666666
run5721,12.01234953703703703703,46669.07171748046875000000,25.92726206526692708333
run5722,12.03321759259259259259,46107.82792382812500000000,25.61545995768229166666
run5723,12.05408564814814814814,45876.53905732421875000000,25.48696614295789930555
run5724,12.07495370370370370370,46690.51215410156250000000,25.93917341894531250000
run5725,12.09582175925925925925,46522.33051552734375000000,25.84573917529296875000
run5726,12.11668981481481481481,46410.20942314453125000000,25.78344967952473958333
run5727,12.13755787037037037037,46114.61176308593750000000,25.61922875726996527777
run5728,12.15842592592592592592,46257.91098017578125000000,25.69883943343098958333
run5729,12.17930555555555555555,46398.21879951171875000000,25.77678822195095486111
run5730,12.20017361111111111111,46395.21488544921875000000,25.77511938080512152777
run5731,12.22104166666666666666,46133.74919892578125000000,25.62986066606987847222
run5732,12.24190972222222222222,46335.82500117187500000000,25.74212500065104166666
run5733,12.26278935185185185185,46771.20479560546875000000,25.98400266422526041666
run5734,12.28365740740740740740,46373.82451406250000000000,25.76323584114583333333
run5735,12.30452546296296296296,46435.05429570312500000000,25.79725238650173611111
run5736,12.32539351851851851851,46473.11639013671875000000,25.81839799452039930555
run5737,12.34626157407407407407,46554.20955351562500000000,25.86344975195312500000
run5738,12.36714120370370370370,46601.28339013671875000000,25.88960188340928819444
run5739,12.38800925925925925925,46641.27299609375000000000,25.91181833116319444444
run5740,12.40887731481481481481,46714.25559150390625000000,25.95236421750217013888
run5741,12.42974537037037037037,46568.12768867187500000000,25.87118204926215277777
run5742,12.45062500000000000000,46254.83196826171875000000,25.69712887125651041666
run5743,12.47149305555555555555,46369.98200732421875000000,25.76110111518012152777
run5744,12.49236111111111111111,46733.05508701171875000000,25.96280838167317708333
run5745,12.51324074074074074074,46349.96842988281250000000,25.74998246104600694444
run5746,12.53410879629629629629,46140.57058710937500000000,25.63365032617187500000
run5747,12.55497685185185185185,46979.12571396484375000000,26.09951428553602430555
run5748,12.57584490740740740740,46775.38524267578125000000,25.98632513481987847222
run5749,12.59671296296296296296,46686.35673964843750000000,25.93686485536024305555
run5750,12.61758101851851851851,46703.37891933593750000000,25.94632162185329861111
run5751,12.63844907407407407407,46830.54461464843750000000,26.01696923036024305555
run5752,12.65931712962962962962,46880.48468593750000000000,26.04471371440972222222
run5753,12.68018518518518518518,46866.52900185546875000000,26.03696055658637152777
run5754,12.70106481481481481481,46824.58685175781250000000,26.01365936208767361111
run5755,12.72193287037037037037,46820.55660039062500000000,26.01142033355034722222
run5756,12.74280092592592592592,46764.48353789062500000000,25.98026863216145833333
run5757,12.76368055555555555555,46570.86876025390625000000,25.87270486680772569444
run5758,12.78456018518518518518,46999.42716650390625000000,26.11079287027994791666
run5759,12.80542824074074074074,47006.79927226562500000000,26.11488848459201388888
run5760,12.82629629629629629629,46399.97108271484375000000,25.77776171261935763888
run5761,12.84717592592592592592,46719.27463125000000000000,25.95515257291666666666
run5762,12.86804398148148148148,47286.51373671875000000000,26.27028540928819444444
run5763,12.88892361111111111111,46902.12538349609375000000,26.05673632416449652777
run5764,12.90979166666666666666,47107.51800751953125000000,26.17084333751085069444
run5765,12.93067129629629629629,46887.63149814453125000000,26.04868416563585069444
run5766,12.95153935185185185185,46955.74524951171875000000,26.08652513861762152777
run5767,12.97240740740740740740,47189.95041591796875000000,26.21663911995442708333
run5768,12.99327546296296296296,47302.12157353515625000000,26.27895642974175347222
run5769,13.01414351851851851851,47293.23499443359375000000,26.27401944135199652777
run5770,13.03501157407407407407,47308.22953212890625000000,26.28234974007161458333
run5771,13.05589120370370370370,47362.27495263671875000000,26.31237497368706597222
run5772,13.07675925925925925925,47140.94906777343750000000,26.18941614876302083333
run5773,13.09762731481481481481,46976.77264794921875000000,26.09820702663845486111
run5774,13.11849537037037037037,47264.14709326171875000000,26.25785949625651041666
run5775,13.13936342592592592592,46985.65922705078125000000,26.10314401502821180555
run5776,13.16023148148148148148,47823.63860371093750000000,26.56868811317274305555
run5777,13.18109953703703703703,47951.93076679687500000000,26.63996153710937500000
run5778,13.20196759259259259259,48003.12246894531250000000,26.66840137163628472222
run5779,13.22283564814814814814,47990.00537753906250000000,26.66111409863281250000
run5780,13.24370370370370370370,47908.86214892578125000000,26.61603452718098958333
run5781,13.26457175925925925925,47825.45346845703125000000,26.56969637136501736111
run5782,13.28543981481481481481,48152.88010126953125000000,26.75160005626085069444
run5783,13.30630787037037037037,47976.71305781250000000000,26.65372947656250000000
run5784,13.30708333333333333333,1347.25545703125000000000,.74847525390625000000
run5785,-15761.65192129629629629629,-703.41654296875000000000,-.39078696831597222222
run5786,13.36892361111111111111,47707.72506982421875000000,26.50429170545789930555
run5787,13.38979166666666666666,48013.98662480468750000000,26.67443701378038194444
run5788,13.41065972222222222222,47776.58979970703125000000,26.54254988872612847222
run5789,13.43152777777777777777,47922.93047978515625000000,26.62385026654730902777
run5790,13.45239583333333333333,48091.26231406250000000000,26.71736795225694444444
run5791,13.47326388888888888888,47907.91090947265625000000,26.61550606081814236111
run5792,13.49413194444444444444,47313.11089248046875000000,26.28506160693359375000
run5793,13.51500000000000000000,48074.22761806640625000000,26.70790423225911458333
run5794,13.53586805555555555555,47401.37590068359375000000,26.33409772260199652777
run5795,13.55675925925925925925,47510.10507343750000000000,26.39450281857638888888
run5796,13.57762731481481481481,48198.35185039062500000000,26.77686213910590277777
run5797,13.59849537037037037037,48128.26052226562500000000,26.73792251236979166666
run5798,13.61936342592592592592,48476.33906425781250000000,26.93129948014322916666
run5799,13.64023148148148148148,48429.26522763671875000000,26.90514734868706597222
run5800,13.66111111111111111111,48437.65115439453125000000,26.90980619688585069444
run5801,13.68197916666666666666,48283.07474326171875000000,26.82393041292317708333
run5802,13.70285879629629629629,48158.22456503906250000000,26.75456920279947916666
run5803,13.72373842592592592592,48332.31390126953125000000,26.85128550070529513888
run5804,13.74460648148148148148,48175.12158164062500000000,26.76395643424479166666
run5805,13.76548611111111111111,48122.03991689453125000000,26.73446662049696180555
run5806,13.78635416666666666666,48106.18175390625000000000,26.72565652994791666666
run5807,13.80722222222222222222,48166.94843212890625000000,26.75941579562717013888
run5808,13.82809027777777777777,48533.81395332031250000000,26.96322997406684027777
run5809,13.84895833333333333333,48509.79515712890625000000,26.94988619840494791666
run5810,13.86982638888888888888,48244.43689863281250000000,26.80246494368489583333
run5811,13.89069444444444444444,47739.76681982421875000000,26.52209267768012152777
run5812,13.91156250000000000000,48032.14778857421875000000,26.68452654920789930555
run5813,13.93243055555555555555,47850.89912382812500000000,26.58383284657118055555
run5814,13.95329861111111111111,48076.79346132812500000000,26.70932970073784722222
run5815,13.97416666666666666666,47837.36899423828125000000,26.57631610791015625000
run5816,13.99504629629629629629,48346.29461796875000000000,26.85905256553819444444
run5817,14.01591435185185185185,47991.87030751953125000000,26.66215017084418402777
run5818,14.03678240740740740740,48304.40253310546875000000,26.83577918505859375000
run5819,14.05765046296296296296,48072.26255761718750000000,26.70681253200954861111
run5820,14.07851851851851851851,47889.01128349609375000000,26.60500626860894097222
run5821,14.09939814814814814814,48198.00139375000000000000,26.77666744097222222222
run5822,14.12026620370370370370,48027.16629775390625000000,26.68175905430772569444
run5823,14.14113425925925925925,48107.27067275390625000000,26.72626148486328125000
run5824,14.16200231481481481481,48086.85657343750000000000,26.71492031857638888888
run5825,14.18287037037037037037,48075.82970556640625000000,26.70879428087022569444
run5826,14.20373842592592592592,48181.94296982421875000000,26.76774609434678819444
run5827,14.22460648148148148148,48593.80462041015625000000,26.99655812245008680555
run5828,14.24548611111111111111,48273.32453886718750000000,26.81851363270399305555
run5829,14.26635416666666666666,48343.40335068359375000000,26.85744630593532986111
run5830,14.28722222222222222222,48419.56508847656250000000,26.89975838248697916666
run5831,14.30809027777777777777,48525.82854843750000000000,26.95879363802083333333
run5832,14.32895833333333333333,48802.18864218750000000000,27.11232702343750000000
run5833,14.34983796296296296296,48837.20927363281250000000,27.13178292979600694444
run5834,14.37070601851851851851,48607.89798388671875000000,27.00438776882595486111
run5835,14.39157407407407407407,49150.63015712890625000000,27.30590564284939236111
run5836,14.41244212962962962962,48765.74115156250000000000,27.09207841753472222222
run5837,14.43331018518518518518,49656.31405693359375000000,27.58684114274088541666
run5838,14.45417824074074074074,49694.25098828125000000000,27.60791721571180555555
run5839,14.47504629629629629629,50226.54456015625000000000,27.90363586675347222222
run5840,14.49593750000000000000,50054.79577363281250000000,27.80821987424045138888
run5841,14.51681712962962962962,50158.53093925781250000000,27.86585052180989583333
run5842,14.53768518518518518518,49540.10013164062500000000,27.52227785091145833333
run5843,14.55855324074074074074,49738.03303574218750000000,27.63224057541232638888
run5844,14.57942129629629629629,49971.37457685546875000000,27.76187476491970486111
run5845,14.60030092592592592592,49922.17296777343750000000,27.73454053765190972222
run5846,14.62116898148148148148,50105.26152988281250000000,27.83625640549045138888
run5847,14.64203703703703703703,49926.54115947265625000000,27.73696731081814236111
run5848,14.66290509259259259259,49969.72242412109375000000,27.76095690228949652777
run5849,14.68377314814814814814,49677.90468925781250000000,27.59883593847656250000
run5850,14.70464120370370370370,49644.88666718750000000000,27.58049259288194444444
run5851,14.72553240740740740740,49918.28039580078125000000,27.73237799766710069444
run5852,14.74641203703703703703,49696.95451093750000000000,27.60941917274305555555
run5853,14.76728009259259259259,49734.01530068359375000000,27.63000850037977430555
run5854,14.78815972222222222222,49957.31876230468750000000,27.75406597905815972222
run5855,14.80902777777777777777,49805.08290087890625000000,27.66949050048828125000
run5856,14.82990740740740740740,49848.41436123046875000000,27.69356353401692708333
run5857,14.85077546296296296296,49776.23280957031250000000,27.65346267198350694444
run5858,14.87164351851851851851,50330.68024765625000000000,27.96148902647569444444
run5859,14.89251157407407407407,50108.47822119140625000000,27.83804345621744791666
run5860,14.91337962962962962962,50120.50639375000000000000,27.84472577430555555555
run5861,14.93424768518518518518,49873.15910332031250000000,27.70731061295572916666
run5862,14.95511574074074074074,50148.41776191406250000000,27.86023208995225694444
run5863,14.97598379629629629629,49968.19543447265625000000,27.76010857470703125000
run5864,14.99685185185185185185,50030.40148818359375000000,27.79466749343532986111
run5865,15.01771990740740740740,50148.56795761718750000000,27.86031553200954861111
run5866,15.03858796296296296296,50343.79733906250000000000,27.96877629947916666666
run5867,15.05711805555555555555,44411.36745703125000000000,24.67298192057291666666
run5868,-15761.65192129629629629629,-703.41654296875000000000,-.39078696831597222222
run5869,15.10120370370370370370,50122.34629111328125000000,27.84574793950737847222
run5870,15.12207175925925925925,50436.29285957031250000000,28.02016269976128472222
run5871,15.14295138888888888888,50119.53012167968750000000,27.84418340093315972222
run5872,15.16381944444444444444,50606.16419980468750000000,28.11453566655815972222
run5873,15.18468750000000000000,50255.70755917968750000000,27.91983753287760416666
run5874,15.20555555555555555555,50148.95596318359375000000,27.86053109065755208333
run5875,15.22642361111111111111,50471.82665966796875000000,28.03990369981553819444
run5876,15.24730324074074074074,50009.54931806640625000000,27.78308295448133680555
run5877,15.26817129629629629629,50307.76288662109375000000,27.94875715923394097222
run5878,15.28905092592592592592,50174.96485244140625000000,27.87498047357855902777
run5879,15.30991898148148148148,50578.10263593750000000000,28.09894590885416666666
run5880,15.33078703703703703703,50476.85821572265625000000,28.04269900873480902777
run5881,15.35165509259259259259,50689.09726054687500000000,28.16060958919270833333
run5882,15.37252314814814814814,50731.66522607421875000000,28.18425845893012152777
run5883,15.39339120370370370370,50542.06818349609375000000,28.07892676860894097222
run5884,15.41427083333333333333,50596.53915849609375000000,28.10918842138671875000
run5885,15.43513888888888888888,50417.89388593750000000000,28.00994104774305555555
run5886,15.45601851851851851851,50564.10940292968750000000,28.09117189051649305555
run5887,15.47688657407407407407,50635.56500869140625000000,28.13086944927300347222
run5888,15.49775462962962962962,50583.44709970703125000000,28.10191505539279513888
run5889,15.51862268518518518518,50057.78717138671875000000,27.80988176188151041666
run5890,15.53949074074074074074,50553.97119296875000000000,28.08553955164930555555
run5891,15.56035879629629629629,52696.63806113281250000000,29.27591003396267361111
run5892,15.58122685185185185185,53529.96137099609375000000,29.73886742833116319444
run5893,15.60209490740740740740,54070.11518466796875000000,30.03895288037109375000
run5894,15.62296296296296296296,52717.32751923828125000000,29.28740417735460069444
run5895,15.64383101851851851851,54196.81777656250000000000,30.10934320920138888888
run5896,15.66469907407407407407,54113.70948750000000000000,30.06317193750000000000
run5897,15.68556712962962962962,54093.09512724609375000000,30.05171951513671875000
run5898,15.70643518518518518518,53694.12527451171875000000,29.83006959695095486111
run5899,15.72730324074074074074,53791.23931289062500000000,29.88402184049479166666
run5900,15.74817129629629629629,53708.05592597656250000000,29.83780884776475694444
run5901,15.76903935185185185185,53437.60352988281250000000,29.68755751660156250000
run5902,15.78990740740740740740,53617.50043330078125000000,29.78750024072265625000
run5903,15.81077546296296296296,53615.08478574218750000000,29.78615821430121527777
run5904,15.83164351851851851851,53533.34077431640625000000,29.74074487462022569444
run5905,15.85251157407407407407,53373.13202431640625000000,29.65174001350911458333
run5906,15.87337962962962962962,53100.40166005859375000000,29.50022314447699652777
run5907,15.89424768518518518518,53248.60727011718750000000,29.58255959450954861111
run5908,15.91511574074074074074,53567.96088388671875000000,29.75997826882595486111
run5909,15.93598379629629629629,53572.96740732421875000000,29.76275967073567708333
run5910,15.95685185185185185185,52917.03773916015625000000,29.39835429953342013888
run5911,15.97771990740740740740,53598.82610087890625000000,29.77712561159939236111
run5912,15.99859953703703703703,53482.81243652343750000000,29.71267357584635416666
run5913,16.01946759259259259259,53571.00234687500000000000,29.76166797048611111111
